[
    // prevBit 0
    [
        // nextBit 0
        [
            -1, -1,  0,  0, -1, -1, -1, 99,
             0, -1, -1, -1, -1, -1, -1, -1,
            -1, 99, -1, -1, -1, -1, -1, -1,
             0, -1, -1, -1, 99, -1, -1, -1
        ],
        // nextBit 1
        [
            -1, -1,  0,  0, -1, -1, -1, 15,
            99, -1, -1, -1, -1, -1, -1, -1,
            -1, 99, -1, -1, -1, -1, -1, -1,
            99, -1, -1, -1, 99, -1, -1, -1
        ]
    ],

    // prevBit 1
    [
        //nextBit 0
        [
            -1, -1, 99, 99, -1, -1, -1, 99,
             0, -1, -1, -1, -1, -1, -1, -1,
            -1, 99, -1, -1, -1, -1, -1, -1,
             0, -1, -1, -1, 15, -1, -1, -1
        ],
        // nextBit 1
        [
            -1, -1, 99, 99, -1, -1, -1, 15,
            99, -1, -1, -1, -1, -1, -1, -1,
            -1,  0, -1, -1, -1, -1, -1, -1,
             0, -1, -1, -1, 15, -1, -1, -1
        ]
    ]
];
